   2.0000000e+00   1.1632653e+00  -5.6137411e-01  -9.1255967e-01  -1.3433529e+00  -8.0096787e-01  -1.3303224e+00  
   2.0000000e+00  -6.3130550e-01   1.5117403e-01   2.9166407e-02  -1.1010209e+00  -1.3406179e+00  -1.9370524e-02
   2.0000000e+00   1.1450013e+00   4.3299692e-01  -1.5647009e-02   5.1686833e-01  -4.1697706e-01   6.6835321e-01
   2.0000000e+00  -7.5511146e-01  -5.5552241e-01  -2.6054821e-01   2.2684652e+00   1.5250481e-01   1.3428290e+00
   2.0000000e+00  -2.3922147e-01   3.6884766e-01   1.3938540e+00   1.1113345e+00  -3.7061008e-01   2.7640461e-01
   1.0000000e+00   9.3767539e-02  -9.4240714e-02  -9.6918471e-01   3.0258578e-01  -1.3098431e-02  -7.0331137e-01
   2.0000000e+00  -1.9484787e+00  -1.0367200e+00   2.2841462e-02   4.0272601e-01  -1.1466577e+00  -1.3698920e+00
   2.0000000e+00  -8.0495894e-01   6.4004147e-02   7.1386683e-01   3.0926094e-01   4.0483470e-01   5.5657531e-01
   1.0000000e+00   1.1294117e-01  -7.7535547e-02  -2.2117143e+00  -4.0196168e-01  -9.3684822e-01   3.3905492e-02
   1.0000000e+00   7.2300695e-01   6.2719261e-01   1.1323776e+00   1.0735352e-03  -4.1087249e-01   1.7475766e+00
   2.0000000e+00  -6.2181804e-01  -1.0257660e+00  -5.0865816e-01  -1.3313229e+00   1.3832218e-01   1.3209484e-01
   2.0000000e+00  -6.3041913e-01   4.9575218e-01  -1.9357321e+00  -1.6137576e+00   6.0089834e-01  -4.3804294e-02
   2.0000000e+00   4.1584164e-01  -1.2613140e+00  -1.3652816e+00   1.3372634e+00   7.7701647e-01  -1.6280818e+00
   1.0000000e+00   7.9168444e-01  -3.4664907e-01  -2.2763072e-01   5.0645836e-01  -1.9821565e-02  -4.8193911e-01
   2.0000000e+00   5.8194329e-01  -9.6822207e-01   8.0206358e-01  -1.2298040e+00  -1.0541781e+00   1.4549183e+00
   2.0000000e+00  -9.7807783e-01   1.1000735e+00  -1.3753163e+00  -1.1143982e+00  -4.2147428e-02  -3.1080250e-01
   2.0000000e+00   4.6187864e-01  -9.8556762e-01   2.1674146e-01   1.2339117e+00   6.9509571e-01   1.4299877e-01
   2.0000000e+00   2.0864282e+00   1.1625443e+00  -4.4734656e-01   2.7686261e-01   2.5530194e-01  -8.2486355e-01
   2.0000000e+00   7.6222588e-01  -9.9700725e-01   1.7585913e+00   6.6569750e-01  -8.5778639e-01   4.2191433e-01
   2.0000000e+00   1.2187470e+00  -3.1572937e-01   1.3816155e+00   4.6462615e-01   3.2885407e-01   4.9148121e-01